-0.0510200746357441
0.0458001084625721
0.0127301728352904
0.0194481890648603
0.0096144042909145
-0.0302778333425522
-0.0262095183134079
-0.0162334963679314
-0.0809606462717056
-0.0460200868546963
0.0708611235022545
0.0072988020256162
-0.0823161825537682
0.0779447928071022
0.0523326434195042
-0.0163485500961542
0.0292541310191154
0.0340111702680588
-0.0676095113158226
0.0791650414466858
0.0252709314227104
-0.0079442225396633
-0.0181976296007633
-0.0145945241674781
-0.0354454927146435
-0.0438330434262753
0.0886482074856758
0.0350973010063171
0.0396777987480164
0.0407709740102291
-0.0526112765073776
0.0480594784021378
-0.0310990475118160
-0.0830009654164314
0.0899503827095032
0.0208978373557329
-0.0436851792037487
-0.0274664536118507
0.0096974093466997
-0.0650917515158653
0.0217023100703955
-0.0338651277124882
-0.0017739536706358
-0.0178275592625141
-0.0261701531708241
-0.0861835256218910
-0.0143878841772676
-0.1263127028942108
-0.0610740073025227
0.0243124794214964
-0.0436608418822289
0.0320165976881981
0.0803374797105789
-0.1143540665507317
-0.0515623278915882
0.0034924962092191
-0.0128971524536610
-0.1244304180145264
0.0197830274701118
0.0546863935887814
-0.0777587071061134
0.0109322266653180
0.0094751743599772
-0.0248058270663023
-0.0142080774530768
-0.0653046518564224
-0.0297538992017508
-0.0386082306504250
0.0567597784101963
-0.0758175551891327
0.0382616110146046
-0.0411953479051590
-0.0464784689247608
-0.0144349047914147
0.0172398332506418
0.1073522791266441
0.0183134619146585
0.0580293796956539
-0.1233816817402840
-0.0284652095288038
0.0264280810952187
-0.0525321066379547
-0.0021174449939281
0.0280660595744848
0.0025750317145139
-0.0780200511217117
0.0248182248324156
0.0902466326951981
-0.0603417158126831
0.0057413484901190
0.0032824210356921
0.0039041647687554
0.0202173627912998
-0.0198249723762274
-0.0230377335101366
-0.0379181802272797
0.0251623094081879
0.0737763866782188
0.0234679710119963
0.0027601805049926
